service_id,monday,tuesday,wednesday,thursday,friday,saturday,sunday,start_date,end_date
1,0,0,0,0,0,0,0,20230402,20230618
2,0,0,0,0,0,0,0,20230401,20230617
3,0,0,0,0,0,0,0,20230330,20230622
4,0,0,0,0,0,0,0,20230411,20230621
5,0,0,0,0,0,0,0,20230519,20230622
6,0,0,0,0,0,0,0,20230330,20230621
7,0,0,0,0,0,0,0,20230330,20230613
8,0,0,0,0,0,0,0,20230330,20230622
9,0,0,0,0,0,0,0,20230401,20230618
10,0,0,0,0,0,0,0,20230411,20230622
11,0,0,0,0,0,0,0,20230623,20230820
12,0,0,0,0,0,0,0,20230623,20230819
13,0,0,0,0,0,0,0,20230624,20230820
14,0,0,0,0,0,0,0,20230626,20230818
15,0,0,0,0,0,0,0,20230626,20230818
16,0,0,0,0,0,0,0,20230703,20230804
17,0,0,0,0,0,0,0,20230623,20230820
18,0,0,0,0,0,0,0,20230330,20230622
19,0,0,0,0,0,0,0,20230330,20230621
20,0,0,0,0,0,0,0,20230401,20230622
21,0,0,0,0,0,0,0,20230330,20230622
22,0,0,0,0,0,0,0,20230401,20230622
23,0,0,0,0,0,0,0,20230330,20230621
24,0,0,0,0,0,0,0,20230402,20230622
25,0,0,0,0,0,0,0,20230401,20230618
26,0,0,0,0,0,0,0,20230407,20230618
27,0,0,0,0,0,0,0,20230401,20230820
28,0,0,0,0,0,0,0,20230402,20230402
29,0,0,0,0,0,0,0,20230623,20230819
30,0,0,0,0,0,0,0,20230626,20230630
31,0,0,0,0,0,0,0,20230703,20230818
32,0,0,0,0,0,0,0,20230623,20230702
33,0,0,0,0,0,0,0,20230623,20230701
34,0,0,0,0,0,0,0,20230708,20230820
35,0,0,0,0,0,0,0,20230708,20230819
36,0,0,0,0,0,0,0,20230624,20230702
37,0,0,0,0,0,0,0,20230709,20230820
38,0,0,0,0,0,0,0,20230807,20230818
39,0,0,0,0,0,0,0,20230623,20230701
40,0,0,0,0,0,0,0,20230703,20230819
41,0,0,0,0,0,0,0,20230623,20230820
42,0,0,0,0,0,0,0,20230330,20230521
43,0,0,0,0,0,0,0,20230330,20230413
44,0,0,0,0,0,0,0,20230330,20230519
45,0,0,0,0,0,0,0,20230330,20230521
46,0,0,0,0,0,0,0,20230401,20230410
47,0,0,0,0,0,0,0,20230414,20230521
48,0,0,0,0,0,0,0,20230330,20230413
49,0,0,0,0,0,0,0,20230330,20230520
50,0,0,0,0,0,0,0,20230330,20230516
51,0,0,0,0,0,0,0,20230417,20230516
52,0,0,0,0,0,0,0,20230414,20230520
53,0,0,0,0,0,0,0,20230415,20230521
54,0,0,0,0,0,0,0,20230416,20230521
55,0,0,0,0,0,0,0,20230416,20230521
56,0,0,0,0,0,0,0,20230414,20230521
57,0,0,0,0,0,0,0,20230415,20230520
58,0,0,0,0,0,0,0,20230414,20230519
59,0,0,0,0,0,0,0,20230414,20230520
60,0,0,0,0,0,0,0,20230414,20230521
61,0,0,0,0,0,0,0,20230414,20230519
62,0,0,0,0,0,0,0,20230414,20230521
63,0,0,0,0,0,0,0,20230401,20230521
64,0,0,0,0,0,0,0,20230330,20230519
65,0,0,0,0,0,0,0,20230401,20230623
66,0,0,0,0,0,0,0,20230331,20230622
67,0,0,0,0,0,0,0,20230406,20230409
68,0,0,0,0,0,0,0,20230331,20230623
69,0,0,0,0,0,0,0,20230407,20230410
70,0,0,0,0,0,0,0,20230330,20230621
71,0,0,0,0,0,0,0,20230330,20230622
72,0,0,0,0,0,0,0,20230330,20230621
73,0,0,0,0,0,0,0,20230401,20230623
74,0,0,0,0,0,0,0,20230402,20230618
75,0,0,0,0,0,0,0,20230410,20230410
76,0,0,0,0,0,0,0,20230330,20230623
77,0,0,0,0,0,0,0,20230407,20230409
78,0,0,0,0,0,0,0,20230330,20230622
79,0,0,0,0,0,0,0,20230406,20230410
80,0,0,0,0,0,0,0,20230406,20230410
81,0,0,0,0,0,0,0,20230406,20230406
82,0,0,0,0,0,0,0,20230330,20230622
83,0,0,0,0,0,0,0,20230623,20230818
84,0,0,0,0,0,0,0,20230624,20230820
85,0,0,0,0,0,0,0,20230623,20230819
86,0,0,0,0,0,0,0,20230624,20230820
87,0,0,0,0,0,0,0,20230623,20230818
88,0,0,0,0,0,0,0,20230330,20230622
89,0,0,0,0,0,0,0,20230331,20230622
90,0,0,0,0,0,0,0,20230623,20230819
91,0,0,0,0,0,0,0,20230707,20230804
92,0,0,0,0,0,0,0,20230401,20230617
93,0,0,0,0,0,0,0,20230405,20230405
94,0,0,0,0,0,0,0,20230623,20230623
95,0,0,0,0,0,0,0,20230331,20230622
96,0,0,0,0,0,0,0,20230330,20230622
97,0,0,0,0,0,0,0,20230331,20230622
98,0,0,0,0,0,0,0,20230330,20230621
99,0,0,0,0,0,0,0,20230331,20230623
100,0,0,0,0,0,0,0,20230401,20230618
101,0,0,0,0,0,0,0,20230330,20230621
102,0,0,0,0,0,0,0,20230330,20230621
103,0,0,0,0,0,0,0,20230402,20230623
104,0,0,0,0,0,0,0,20230405,20230623
105,0,0,0,0,0,0,0,20230331,20230622
106,0,0,0,0,0,0,0,20230331,20230622
107,0,0,0,0,0,0,0,20230331,20230623
108,0,0,0,0,0,0,0,20230330,20230622
109,0,0,0,0,0,0,0,20230401,20230617
110,0,0,0,0,0,0,0,20230401,20230617
111,0,0,0,0,0,0,0,20230402,20230618
112,0,0,0,0,0,0,0,20230330,20230621
113,0,0,0,0,0,0,0,20230331,20230622
114,0,0,0,0,0,0,0,20230401,20230623
115,0,0,0,0,0,0,0,20230331,20230618
116,0,0,0,0,0,0,0,20230331,20230616
117,0,0,0,0,0,0,0,20230401,20230618
118,0,0,0,0,0,0,0,20230330,20230622
119,0,0,0,0,0,0,0,20230330,20230622
120,0,0,0,0,0,0,0,20230507,20230507
121,0,0,0,0,0,0,0,20230331,20230617
122,0,0,0,0,0,0,0,20230330,20230622
123,0,0,0,0,0,0,0,20230624,20230820
124,0,0,0,0,0,0,0,20230411,20230428
125,0,0,0,0,0,0,0,20230710,20230804
126,0,0,0,0,0,0,0,20230710,20230803
127,0,0,0,0,0,0,0,20230714,20230804
128,0,0,0,0,0,0,0,20230330,20230622
129,0,0,0,0,0,0,0,20230402,20230618
130,0,0,0,0,0,0,0,20230330,20230621
131,0,0,0,0,0,0,0,20230331,20230622
132,0,0,0,0,0,0,0,20230506,20230617
133,0,0,0,0,0,0,0,20230402,20230618
134,0,0,0,0,0,0,0,20230401,20230430
135,0,0,0,0,0,0,0,20230401,20230430
136,0,0,0,0,0,0,0,20230407,20230430
137,0,0,0,0,0,0,0,20230401,20230429
138,0,0,0,0,0,0,0,20230410,20230423
139,0,0,0,0,0,0,0,20230411,20230820
140,0,0,0,0,0,0,0,20230411,20230427
141,0,0,0,0,0,0,0,20230414,20230428
142,0,0,0,0,0,0,0,20230623,20230818
143,0,0,0,0,0,0,0,20230623,20230818
144,0,0,0,0,0,0,0,20230624,20230819
145,0,0,0,0,0,0,0,20230625,20230820
146,0,0,0,0,0,0,0,20230626,20230817
147,0,0,0,0,0,0,0,20230715,20230806
148,0,0,0,0,0,0,0,20230715,20230805
149,0,0,0,0,0,0,0,20230716,20230806
150,0,0,0,0,0,0,0,20230710,20230806
151,0,0,0,0,0,0,0,20230714,20230805
152,0,0,0,0,0,0,0,20230330,20230622
153,0,0,0,0,0,0,0,20230330,20230622
154,0,0,0,0,0,0,0,20230330,20230621
155,0,0,0,0,0,0,0,20230331,20230622
156,0,0,0,0,0,0,0,20230401,20230430
157,0,0,0,0,0,0,0,20230401,20230430
158,0,0,0,0,0,0,0,20230410,20230427
159,0,0,0,0,0,0,0,20230411,20230818
160,0,0,0,0,0,0,0,20230401,20230430
161,0,0,0,0,0,0,0,20230623,20230820
162,0,0,0,0,0,0,0,20230623,20230819
163,0,0,0,0,0,0,0,20230623,20230820
164,0,0,0,0,0,0,0,20230624,20230820
165,0,0,0,0,0,0,0,20230701,20230819
166,0,0,0,0,0,0,0,20230411,20230806
167,0,0,0,0,0,0,0,20230401,20230804
168,0,0,0,0,0,0,0,20230411,20230804
169,0,0,0,0,0,0,0,20230710,20230806
170,0,0,0,0,0,0,0,20230401,20230805
171,0,0,0,0,0,0,0,20230411,20230819
172,0,0,0,0,0,0,0,20230623,20230820
173,0,0,0,0,0,0,0,20230411,20230806
174,0,0,0,0,0,0,0,20230701,20230819
175,0,0,0,0,0,0,0,20230407,20230430
176,0,0,0,0,0,0,0,20230401,20230818
177,0,0,0,0,0,0,0,20230407,20230818
178,0,0,0,0,0,0,0,20230401,20230819
179,0,0,0,0,0,0,0,20230401,20230429
180,0,0,0,0,0,0,0,20230401,20230820
181,0,0,0,0,0,0,0,20230401,20230818
182,0,0,0,0,0,0,0,20230411,20230820
183,0,0,0,0,0,0,0,20230411,20230820
184,0,0,0,0,0,0,0,20230623,20230819
185,0,0,0,0,0,0,0,20230623,20230820
186,0,0,0,0,0,0,0,20230701,20230819
187,0,0,0,0,0,0,0,20230411,20230819
188,0,0,0,0,0,0,0,20230401,20230820
189,0,0,0,0,0,0,0,20230330,20230622
190,0,0,0,0,0,0,0,20230401,20230820
191,0,0,0,0,0,0,0,20230411,20230819
192,0,0,0,0,0,0,0,20230401,20230804
193,0,0,0,0,0,0,0,20230407,20230430
194,0,0,0,0,0,0,0,20230701,20230819
195,0,0,0,0,0,0,0,20230416,20230618
196,0,0,0,0,0,0,0,20230404,20230817
197,0,0,0,0,0,0,0,20230331,20230617
198,0,0,0,0,0,0,0,20230415,20230617
199,0,0,0,0,0,0,0,20230407,20230819
200,0,0,0,0,0,0,0,20230417,20230619
201,0,0,0,0,0,0,0,20230330,20230818
202,0,0,0,0,0,0,0,20230330,20230818
203,0,0,0,0,0,0,0,20230415,20230820
204,0,0,0,0,0,0,0,20230330,20230818
205,0,0,0,0,0,0,0,20230416,20230820
206,0,0,0,0,0,0,0,20230330,20230820
207,0,0,0,0,0,0,0,20230414,20230818
208,0,0,0,0,0,0,0,20230630,20230818
209,0,0,0,0,0,0,0,20230415,20230819
210,0,0,0,0,0,0,0,20230330,20230819
211,0,0,0,0,0,0,0,20230330,20230819
212,0,0,0,0,0,0,0,20230330,20230819
213,0,0,0,0,0,0,0,20230414,20230818
214,0,0,0,0,0,0,0,20230330,20230820
215,0,0,0,0,0,0,0,20230404,20230820
216,0,0,0,0,0,0,0,20230401,20230819
217,0,0,0,0,0,0,0,20230401,20230819
218,0,0,0,0,0,0,0,20230415,20230820
219,0,0,0,0,0,0,0,20230330,20230818
220,0,0,0,0,0,0,0,20230625,20230820
221,0,0,0,0,0,0,0,20230401,20230402
222,0,0,0,0,0,0,0,20230331,20230402
223,0,0,0,0,0,0,0,20230415,20230618
224,0,0,0,0,0,0,0,20230330,20230818
225,0,0,0,0,0,0,0,20230331,20230331
226,0,0,0,0,0,0,0,20230414,20230818
227,0,0,0,0,0,0,0,20230330,20230818
228,0,0,0,0,0,0,0,20230330,20230819
229,0,0,0,0,0,0,0,20230330,20230819
230,0,0,0,0,0,0,0,20230623,20230819
231,0,0,0,0,0,0,0,20230401,20230401
232,0,0,0,0,0,0,0,20230403,20230820
233,0,0,0,0,0,0,0,20230330,20230616
234,0,0,0,0,0,0,0,20230330,20230413
235,0,0,0,0,0,0,0,20230403,20230818
236,0,0,0,0,0,0,0,20230330,20230819
237,0,0,0,0,0,0,0,20230415,20230820
238,0,0,0,0,0,0,0,20230623,20230819
239,0,0,0,0,0,0,0,20230414,20230616
240,0,0,0,0,0,0,0,20230404,20230406
241,0,0,0,0,0,0,0,20230404,20230406
242,0,0,0,0,0,0,0,20230401,20230406
243,0,0,0,0,0,0,0,20230331,20230405
244,0,0,0,0,0,0,0,20230404,20230404
245,0,0,0,0,0,0,0,20230401,20230819
246,0,0,0,0,0,0,0,20230401,20230618
247,0,0,0,0,0,0,0,20230331,20230819
248,0,0,0,0,0,0,0,20230402,20230819
249,0,0,0,0,0,0,0,20230414,20230818
250,0,0,0,0,0,0,0,20230403,20230817
251,0,0,0,0,0,0,0,20230330,20230622
252,0,0,0,0,0,0,0,20230330,20230818
253,0,0,0,0,0,0,0,20230330,20230818
254,0,0,0,0,0,0,0,20230415,20230820
255,0,0,0,0,0,0,0,20230330,20230622
256,0,0,0,0,0,0,0,20230404,20230405
257,0,0,0,0,0,0,0,20230407,20230410
258,0,0,0,0,0,0,0,20230408,20230409
259,0,0,0,0,0,0,0,20230407,20230408
260,0,0,0,0,0,0,0,20230408,20230410
261,0,0,0,0,0,0,0,20230407,20230407
262,0,0,0,0,0,0,0,20230408,20230408
263,0,0,0,0,0,0,0,20230330,20230330
264,0,0,0,0,0,0,0,20230330,20230331
265,0,0,0,0,0,0,0,20230409,20230409
266,0,0,0,0,0,0,0,20230330,20230819
267,0,0,0,0,0,0,0,20230403,20230413
268,0,0,0,0,0,0,0,20230331,20230819
269,0,0,0,0,0,0,0,20230417,20230817
270,0,0,0,0,0,0,0,20230402,20230618
271,0,0,0,0,0,0,0,20230403,20230818
272,0,0,0,0,0,0,0,20230330,20230818
273,0,0,0,0,0,0,0,20230402,20230819
274,0,0,0,0,0,0,0,20230330,20230819
275,0,0,0,0,0,0,0,20230404,20230818
276,0,0,0,0,0,0,0,20230404,20230818
277,0,0,0,0,0,0,0,20230330,20230820
278,0,0,0,0,0,0,0,20230330,20230818
279,0,0,0,0,0,0,0,20230330,20230819
280,0,0,0,0,0,0,0,20230330,20230818
281,0,0,0,0,0,0,0,20230330,20230819
282,0,0,0,0,0,0,0,20230330,20230819
283,0,0,0,0,0,0,0,20230330,20230818
284,0,0,0,0,0,0,0,20230331,20230617
285,0,0,0,0,0,0,0,20230330,20230818
286,0,0,0,0,0,0,0,20230330,20230819
287,0,0,0,0,0,0,0,20230330,20230819
288,0,0,0,0,0,0,0,20230330,20230820
289,0,0,0,0,0,0,0,20230330,20230819
290,0,0,0,0,0,0,0,20230330,20230820
291,0,0,0,0,0,0,0,20230330,20230818
292,0,0,0,0,0,0,0,20230404,20230820
293,0,0,0,0,0,0,0,20230625,20230820
294,0,0,0,0,0,0,0,20230407,20230409
295,0,0,0,0,0,0,0,20230408,20230410
296,0,0,0,0,0,0,0,20230401,20230406
297,0,0,0,0,0,0,0,20230407,20230410
298,0,0,0,0,0,0,0,20230414,20230622
299,0,0,0,0,0,0,0,20230415,20230819
300,0,0,0,0,0,0,0,20230330,20230817
301,0,0,0,0,0,0,0,20230626,20230817
302,0,0,0,0,0,0,0,20230331,20230819
303,0,0,0,0,0,0,0,20230330,20230817
304,0,0,0,0,0,0,0,20230330,20230818
305,0,0,0,0,0,0,0,20230331,20230818
306,0,0,0,0,0,0,0,20230331,20230820
307,0,0,0,0,0,0,0,20230330,20230817
308,0,0,0,0,0,0,0,20230415,20230818
309,0,0,0,0,0,0,0,20230414,20230818
310,0,0,0,0,0,0,0,20230414,20230818
311,0,0,0,0,0,0,0,20230418,20230817
312,0,0,0,0,0,0,0,20230417,20230818
313,0,0,0,0,0,0,0,20230330,20230413
314,0,0,0,0,0,0,0,20230414,20230622
315,0,0,0,0,0,0,0,20230330,20230413
316,0,0,0,0,0,0,0,20230404,20230820
317,0,0,0,0,0,0,0,20230401,20230405
318,0,0,0,0,0,0,0,20230330,20230618
319,0,0,0,0,0,0,0,20230414,20230817
320,0,0,0,0,0,0,0,20230330,20230413
321,0,0,0,0,0,0,0,20230330,20230622
322,0,0,0,0,0,0,0,20230627,20230817
323,0,0,0,0,0,0,0,20230406,20230622
324,0,0,0,0,0,0,0,20230414,20230618
325,0,0,0,0,0,0,0,20230331,20230818
326,0,0,0,0,0,0,0,20230405,20230818
327,0,0,0,0,0,0,0,20230626,20230818
328,0,0,0,0,0,0,0,20230405,20230406
329,0,0,0,0,0,0,0,20230406,20230407
330,0,0,0,0,0,0,0,20230406,20230818
331,0,0,0,0,0,0,0,20230403,20230411
332,0,0,0,0,0,0,0,20230403,20230818
333,0,0,0,0,0,0,0,20230405,20230622
334,0,0,0,0,0,0,0,20230404,20230818
335,0,0,0,0,0,0,0,20230330,20230817
336,0,0,0,0,0,0,0,20230404,20230617
337,0,0,0,0,0,0,0,20230331,20230818
338,0,0,0,0,0,0,0,20230330,20230817
339,0,0,0,0,0,0,0,20230402,20230820
340,0,0,0,0,0,0,0,20230330,20230820
341,0,0,0,0,0,0,0,20230416,20230817
342,0,0,0,0,0,0,0,20230404,20230818
343,0,0,0,0,0,0,0,20230331,20230405
344,0,0,0,0,0,0,0,20230404,20230817
345,0,0,0,0,0,0,0,20230330,20230818
346,0,0,0,0,0,0,0,20230330,20230818
347,0,0,0,0,0,0,0,20230402,20230616
348,0,0,0,0,0,0,0,20230417,20230820
349,0,0,0,0,0,0,0,20230401,20230819
350,0,0,0,0,0,0,0,20230331,20230819
351,0,0,0,0,0,0,0,20230331,20230820
352,0,0,0,0,0,0,0,20230415,20230820
353,0,0,0,0,0,0,0,20230404,20230622
354,0,0,0,0,0,0,0,20230331,20230622
355,0,0,0,0,0,0,0,20230404,20230622
356,0,0,0,0,0,0,0,20230330,20230413
357,0,0,0,0,0,0,0,20230330,20230622
358,0,0,0,0,0,0,0,20230403,20230411
359,0,0,0,0,0,0,0,20230406,20230410
360,0,0,0,0,0,0,0,20230409,20230410
361,0,0,0,0,0,0,0,20230406,20230409
362,0,0,0,0,0,0,0,20230330,20230413
363,0,0,0,0,0,0,0,20230405,20230818
364,0,0,0,0,0,0,0,20230330,20230818
365,0,0,0,0,0,0,0,20230415,20230818
366,0,0,0,0,0,0,0,20230406,20230622
367,0,0,0,0,0,0,0,20230401,20230622
368,0,0,0,0,0,0,0,20230330,20230818
369,0,0,0,0,0,0,0,20230410,20230819
370,0,0,0,0,0,0,0,20230403,20230403
371,0,0,0,0,0,0,0,20230403,20230411
372,0,0,0,0,0,0,0,20230407,20230820
373,0,0,0,0,0,0,0,20230330,20230818
374,0,0,0,0,0,0,0,20230410,20230820
375,0,0,0,0,0,0,0,20230401,20230818
376,0,0,0,0,0,0,0,20230401,20230818
377,0,0,0,0,0,0,0,20230330,20230820
378,0,0,0,0,0,0,0,20230331,20230819
379,0,0,0,0,0,0,0,20230330,20230819
380,0,0,0,0,0,0,0,20230414,20230819
381,0,0,0,0,0,0,0,20230402,20230618
382,0,0,0,0,0,0,0,20230330,20230818
383,0,0,0,0,0,0,0,20230330,20230818
384,0,0,0,0,0,0,0,20230403,20230617
385,0,0,0,0,0,0,0,20230416,20230820
386,0,0,0,0,0,0,0,20230331,20230617
387,0,0,0,0,0,0,0,20230401,20230819
388,0,0,0,0,0,0,0,20230414,20230818
389,0,0,0,0,0,0,0,20230330,20230820
390,0,0,0,0,0,0,0,20230330,20230819
391,0,0,0,0,0,0,0,20230330,20230818
392,0,0,0,0,0,0,0,20230330,20230818
393,0,0,0,0,0,0,0,20230410,20230618
394,0,0,0,0,0,0,0,20230330,20230818
395,0,0,0,0,0,0,0,20230330,20230818
396,0,0,0,0,0,0,0,20230330,20230819
397,0,0,0,0,0,0,0,20230414,20230820
398,0,0,0,0,0,0,0,20230330,20230820
399,0,0,0,0,0,0,0,20230330,20230820
400,0,0,0,0,0,0,0,20230330,20230820
401,0,0,0,0,0,0,0,20230331,20230820
402,0,0,0,0,0,0,0,20230331,20230818
403,0,0,0,0,0,0,0,20230330,20230818
404,0,0,0,0,0,0,0,20230331,20230411
405,0,0,0,0,0,0,0,20230404,20230411
406,0,0,0,0,0,0,0,20230330,20230413
407,0,0,0,0,0,0,0,20230411,20230411
408,0,0,0,0,0,0,0,20230331,20230411
409,0,0,0,0,0,0,0,20230402,20230409
410,0,0,0,0,0,0,0,20230331,20230411
411,0,0,0,0,0,0,0,20230406,20230820
412,0,0,0,0,0,0,0,20230330,20230817
413,0,0,0,0,0,0,0,20230330,20230622
414,0,0,0,0,0,0,0,20230414,20230622
415,0,0,0,0,0,0,0,20230331,20230618
416,0,0,0,0,0,0,0,20230414,20230622
417,0,0,0,0,0,0,0,20230330,20230622
418,0,0,0,0,0,0,0,20230407,20230618
419,0,0,0,0,0,0,0,20230330,20230622
420,0,0,0,0,0,0,0,20230330,20230622
421,0,0,0,0,0,0,0,20230415,20230622
422,0,0,0,0,0,0,0,20230414,20230622
423,0,0,0,0,0,0,0,20230401,20230617
424,0,0,0,0,0,0,0,20230331,20230819
425,0,0,0,0,0,0,0,20230330,20230622
426,0,0,0,0,0,0,0,20230406,20230820
427,0,0,0,0,0,0,0,20230330,20230820
428,0,0,0,0,0,0,0,20230331,20230818
429,0,0,0,0,0,0,0,20230331,20230622
430,0,0,0,0,0,0,0,20230330,20230617
431,0,0,0,0,0,0,0,20230330,20230622
432,0,0,0,0,0,0,0,20230414,20230622
433,0,0,0,0,0,0,0,20230330,20230413
434,0,0,0,0,0,0,0,20230330,20230413
435,0,0,0,0,0,0,0,20230401,20230411
436,0,0,0,0,0,0,0,20230625,20230820
437,0,0,0,0,0,0,0,20230626,20230818
438,0,0,0,0,0,0,0,20230627,20230815
439,0,0,0,0,0,0,0,20230401,20230405
440,0,0,0,0,0,0,0,20230401,20230820
441,0,0,0,0,0,0,0,20230401,20230818
442,0,0,0,0,0,0,0,20230330,20230820
443,0,0,0,0,0,0,0,20230330,20230818
444,0,0,0,0,0,0,0,20230330,20230820
445,0,0,0,0,0,0,0,20230407,20230820
446,0,0,0,0,0,0,0,20230406,20230818
447,0,0,0,0,0,0,0,20230330,20230413
448,0,0,0,0,0,0,0,20230330,20230818
449,0,0,0,0,0,0,0,20230330,20230818
450,0,0,0,0,0,0,0,20230402,20230820
451,0,0,0,0,0,0,0,20230404,20230619
452,0,0,0,0,0,0,0,20230330,20230818
453,0,0,0,0,0,0,0,20230330,20230818
454,0,0,0,0,0,0,0,20230403,20230619
455,0,0,0,0,0,0,0,20230401,20230617
456,0,0,0,0,0,0,0,20230404,20230818
457,0,0,0,0,0,0,0,20230330,20230820
458,0,0,0,0,0,0,0,20230407,20230617
459,0,0,0,0,0,0,0,20230407,20230820
460,0,0,0,0,0,0,0,20230401,20230818
461,0,0,0,0,0,0,0,20230401,20230819
462,0,0,0,0,0,0,0,20230401,20230820
463,0,0,0,0,0,0,0,20230330,20230820
464,0,0,0,0,0,0,0,20230401,20230820
465,0,0,0,0,0,0,0,20230402,20230818
466,0,0,0,0,0,0,0,20230401,20230820
467,0,0,0,0,0,0,0,20230407,20230820
468,0,0,0,0,0,0,0,20230401,20230820
469,0,0,0,0,0,0,0,20230404,20230622
470,0,0,0,0,0,0,0,20230330,20230818
471,0,0,0,0,0,0,0,20230330,20230619
472,0,0,0,0,0,0,0,20230405,20230616
473,0,0,0,0,0,0,0,20230330,20230818
474,0,0,0,0,0,0,0,20230404,20230818
475,0,0,0,0,0,0,0,20230414,20230819
476,0,0,0,0,0,0,0,20230407,20230617
477,0,0,0,0,0,0,0,20230331,20230401
478,0,0,0,0,0,0,0,20230623,20230820
479,0,0,0,0,0,0,0,20230330,20230622
480,0,0,0,0,0,0,0,20230330,20230622
481,0,0,0,0,0,0,0,20230625,20230820
482,0,0,0,0,0,0,0,20230518,20230618
483,0,0,0,0,0,0,0,20230515,20230621
484,0,0,0,0,0,0,0,20230515,20230622
485,0,0,0,0,0,0,0,20230515,20230621
486,0,0,0,0,0,0,0,20230330,20230512
487,0,0,0,0,0,0,0,20230401,20230514
488,0,0,0,0,0,0,0,20230330,20230514
489,0,0,0,0,0,0,0,20230330,20230517
490,0,0,0,0,0,0,0,20230519,20230622
491,0,0,0,0,0,0,0,20230519,20230622
492,0,0,0,0,0,0,0,20230527,20230617
493,0,0,0,0,0,0,0,20230528,20230618
494,0,0,0,0,0,0,0,20230519,20230622
495,0,0,0,0,0,0,0,20230527,20230618
496,0,0,0,0,0,0,0,20230401,20230520
497,0,0,0,0,0,0,0,20230402,20230521
498,0,0,0,0,0,0,0,20230407,20230521
499,0,0,0,0,0,0,0,20230522,20230622
500,0,0,0,0,0,0,0,20230519,20230519
501,0,0,0,0,0,0,0,20230402,20230820
502,0,0,0,0,0,0,0,20230401,20230521
503,0,0,0,0,0,0,0,20230401,20230819
504,0,0,0,0,0,0,0,20230330,20230819
505,0,0,0,0,0,0,0,20230401,20230819
506,0,0,0,0,0,0,0,20230330,20230819
507,0,0,0,0,0,0,0,20230402,20230820
508,0,0,0,0,0,0,0,20230330,20230820
509,0,0,0,0,0,0,0,20230330,20230820
510,0,0,0,0,0,0,0,20230401,20230513
511,0,0,0,0,0,0,0,20230402,20230514
512,0,0,0,0,0,0,0,20230518,20230618
513,0,0,0,0,0,0,0,20230520,20230617
514,0,0,0,0,0,0,0,20230330,20230820
515,0,0,0,0,0,0,0,20230401,20230622
516,0,0,0,0,0,0,0,20230515,20230622
517,0,0,0,0,0,0,0,20230330,20230818
518,0,0,0,0,0,0,0,20230401,20230618
519,0,0,0,0,0,0,0,20230401,20230617
520,0,0,0,0,0,0,0,20230422,20230422
521,0,0,0,0,0,0,0,20230401,20230820
522,0,0,0,0,0,0,0,20230401,20230819
523,0,0,0,0,0,0,0,20230401,20230820
524,0,0,0,0,0,0,0,20230330,20230621
525,0,0,0,0,0,0,0,20230330,20230622
526,0,0,0,0,0,0,0,20230330,20230622
527,0,0,0,0,0,0,0,20230401,20230514
528,0,0,0,0,0,0,0,20230330,20230621
529,0,0,0,0,0,0,0,20230401,20230820
530,0,0,0,0,0,0,0,20230402,20230820
531,0,0,0,0,0,0,0,20230402,20230618
532,0,0,0,0,0,0,0,20230330,20230820
533,0,0,0,0,0,0,0,20230401,20230618
534,0,0,0,0,0,0,0,20230407,20230618
535,0,0,0,0,0,0,0,20230330,20230818
536,0,0,0,0,0,0,0,20230330,20230818
537,0,0,0,0,0,0,0,20230330,20230405
538,0,0,0,0,0,0,0,20230406,20230622
539,0,0,0,0,0,0,0,20230407,20230618
540,0,0,0,0,0,0,0,20230330,20230428
541,0,0,0,0,0,0,0,20230330,20230428
542,0,0,0,0,0,0,0,20230330,20230428
543,0,0,0,0,0,0,0,20230419,20230423
544,0,0,0,0,0,0,0,20230604,20230901
545,0,0,0,0,0,0,0,20230429,20230930
546,0,0,0,0,0,0,0,20230502,20230929
547,0,0,0,0,0,0,0,20230502,20230929
548,0,0,0,0,0,0,0,20230502,20230929
549,0,0,0,0,0,0,0,20230502,20230929
550,0,0,0,0,0,0,0,20230502,20230929
551,0,0,0,0,0,0,0,20230504,20230929
552,0,0,0,0,0,0,0,20230430,20231001
553,0,0,0,0,0,0,0,20230429,20231001
554,0,0,0,0,0,0,0,20230430,20231001
555,0,0,0,0,0,0,0,20230429,20230930
556,0,0,0,0,0,0,0,20230429,20230930
557,0,0,0,0,0,0,0,20230430,20231001
558,0,0,0,0,0,0,0,20230419,20230420
559,0,0,0,0,0,0,0,20230401,20230423
560,0,0,0,0,0,0,0,20230603,20230901
561,0,0,0,0,0,0,0,20230605,20230901
562,0,0,0,0,0,0,0,20230603,20230826
563,0,0,0,0,0,0,0,20230603,20230827
564,0,0,0,0,0,0,0,20230330,20230403
565,0,0,0,0,0,0,0,20230331,20230404
566,0,0,0,0,0,0,0,20230330,20230403
567,0,0,0,0,0,0,0,20230417,20230619
568,0,0,0,0,0,0,0,20230411,20230620
569,0,0,0,0,0,0,0,20230412,20230621
570,0,0,0,0,0,0,0,20230413,20230622
571,0,0,0,0,0,0,0,20230513,20230618
572,0,0,0,0,0,0,0,20230513,20230617
573,0,0,0,0,0,0,0,20230413,20230622
574,0,0,0,0,0,0,0,20230406,20230619
575,0,0,0,0,0,0,0,20230406,20230616
576,0,0,0,0,0,0,0,20230407,20230507
577,0,0,0,0,0,0,0,20230408,20230506
578,0,0,0,0,0,0,0,20230407,20230507
579,0,0,0,0,0,0,0,20230514,20230618
580,0,0,0,0,0,0,0,20230408,20230617
581,0,0,0,0,0,0,0,20230406,20230620
582,0,0,0,0,0,0,0,20230411,20230621
583,0,0,0,0,0,0,0,20230629,20230817
584,0,0,0,0,0,0,0,20230626,20230814
585,0,0,0,0,0,0,0,20230628,20230816
586,0,0,0,0,0,0,0,20230412,20230621
587,0,0,0,0,0,0,0,20230411,20230622
588,0,0,0,0,0,0,0,20230411,20230622
589,0,0,0,0,0,0,0,20230415,20230618
590,0,0,0,0,0,0,0,20230626,20230818
591,0,0,0,0,0,0,0,20230331,20230819
592,0,0,0,0,0,0,0,20230401,20230820
593,0,0,0,0,0,0,0,20230401,20230819
594,0,0,0,0,0,0,0,20230330,20230820
595,0,0,0,0,0,0,0,20230519,20230622
596,0,0,0,0,0,0,0,20230519,20230622
597,0,0,0,0,0,0,0,20230522,20230621
598,0,0,0,0,0,0,0,20230624,20230624
599,0,0,0,0,0,0,0,20230331,20230819
600,0,0,0,0,0,0,0,20230402,20230521
601,0,0,0,0,0,0,0,20230330,20230819
602,0,0,0,0,0,0,0,20230331,20230820
603,0,0,0,0,0,0,0,20230330,20230516
604,0,0,0,0,0,0,0,20230625,20230702
605,0,0,0,0,0,0,0,20230623,20230701
606,0,0,0,0,0,0,0,20230707,20230819
607,0,0,0,0,0,0,0,20230703,20230820
608,0,0,0,0,0,0,0,20230703,20230817
609,0,0,0,0,0,0,0,20230401,20230820
610,0,0,0,0,0,0,0,20230330,20230818
611,0,0,0,0,0,0,0,20230331,20230819
612,0,0,0,0,0,0,0,20230626,20231208
613,0,0,0,0,0,0,0,20230630,20231208
614,0,0,0,0,0,0,0,20230623,20231209
615,0,0,0,0,0,0,0,20230330,20230622
616,0,0,0,0,0,0,0,20230623,20231209
617,0,0,0,0,0,0,0,20230411,20230622
618,0,0,0,0,0,0,0,20230401,20230623
619,0,0,0,0,0,0,0,20230330,20230517
620,0,0,0,0,0,0,0,20230623,20231209
621,0,0,0,0,0,0,0,20230624,20231203
622,0,0,0,0,0,0,0,20230623,20231209
623,0,0,0,0,0,0,0,20230623,20231209
624,0,0,0,0,0,0,0,20230330,20230406
625,0,0,0,0,0,0,0,20230330,20230410
626,0,0,0,0,0,0,0,20230411,20230622
627,0,0,0,0,0,0,0,20230411,20230622
628,0,0,0,0,0,0,0,20230519,20230623
629,0,0,0,0,0,0,0,20230520,20230623
630,0,0,0,0,0,0,0,20230520,20230623
631,0,0,0,0,0,0,0,20230519,20230616
632,0,0,0,0,0,0,0,20230330,20230518
633,0,0,0,0,0,0,0,20230401,20230518
634,0,0,0,0,0,0,0,20230331,20230517
635,0,0,0,0,0,0,0,20230401,20230513
636,0,0,0,0,0,0,0,20230519,20230623
637,0,0,0,0,0,0,0,20230330,20230517
638,0,0,0,0,0,0,0,20230626,20230818
639,0,0,0,0,0,0,0,20230623,20230820
640,0,0,0,0,0,0,0,20230331,20230622
641,0,0,0,0,0,0,0,20230331,20230622
642,0,0,0,0,0,0,0,20230330,20230818
643,0,0,0,0,0,0,0,20230330,20230818
644,0,0,0,0,0,0,0,20230626,20230804
645,0,0,0,0,0,0,0,20230502,20230622
646,0,0,0,0,0,0,0,20230502,20230804
647,0,0,0,0,0,0,0,20230411,20230622
648,0,0,0,0,0,0,0,20230522,20230614
649,0,0,0,0,0,0,0,20230519,20230605
650,0,0,0,0,0,0,0,20230411,20230622
651,0,0,0,0,0,0,0,20230330,20230614
652,0,0,0,0,0,0,0,20230330,20230621
653,0,0,0,0,0,0,0,20230330,20230622
654,0,0,0,0,0,0,0,20230403,20230622
655,0,0,0,0,0,0,0,20230403,20230622
656,0,0,0,0,0,0,0,20230330,20230820
657,0,0,0,0,0,0,0,20230401,20230820
658,0,0,0,0,0,0,0,20230330,20230402
659,0,0,0,0,0,0,0,20230626,20230707
660,0,0,0,0,0,0,0,20230703,20230707
661,0,0,0,0,0,0,0,20230710,20230818
662,0,0,0,0,0,0,0,20230623,20230820
663,0,0,0,0,0,0,0,20230401,20231209
664,0,0,0,0,0,0,0,20230330,20231209
665,0,0,0,0,0,0,0,20230331,20231209
666,0,0,0,0,0,0,0,20230330,20231208
667,0,0,0,0,0,0,0,20230401,20230618
668,0,0,0,0,0,0,0,20230411,20230622
669,0,0,0,0,0,0,0,20230330,20230609
670,0,0,0,0,0,0,0,20230330,20230605
671,0,0,0,0,0,0,0,20230401,20230623
672,0,0,0,0,0,0,0,20230401,20230618
673,0,0,0,0,0,0,0,20230528,20230528
674,0,0,0,0,0,0,0,20230624,20230820
675,0,0,0,0,0,0,0,20230331,20230622
676,0,0,0,0,0,0,0,20230623,20230820
677,0,0,0,0,0,0,0,20230624,20230820
678,0,0,0,0,0,0,0,20230501,20230621
679,0,0,0,0,0,0,0,20230330,20230427
680,0,0,0,0,0,0,0,20230521,20230622
681,0,0,0,0,0,0,0,20230330,20230518
682,0,0,0,0,0,0,0,20230330,20230622
683,0,0,0,0,0,0,0,20230625,20231207
684,0,0,0,0,0,0,0,20230330,20230818
685,0,0,0,0,0,0,0,20230401,20230818
686,0,0,0,0,0,0,0,20230331,20230820
687,0,0,0,0,0,0,0,20230401,20230622
688,0,0,0,0,0,0,0,20230401,20230819
689,0,0,0,0,0,0,0,20230401,20230819
690,0,0,0,0,0,0,0,20230331,20230818
691,0,0,0,0,0,0,0,20230407,20230605
692,0,0,0,0,0,0,0,20230331,20230622
693,0,0,0,0,0,0,0,20230401,20230617
694,0,0,0,0,0,0,0,20230331,20230622
695,0,0,0,0,0,0,0,20230330,20231207
696,0,0,0,0,0,0,0,20230331,20231208
697,0,0,0,0,0,0,0,20230330,20231209
698,0,0,0,0,0,0,0,20230401,20231209
699,0,0,0,0,0,0,0,20230402,20231203
700,0,0,0,0,0,0,0,20230330,20231207
701,0,0,0,0,0,0,0,20230330,20231208
702,0,0,0,0,0,0,0,20230330,20230622
703,0,0,0,0,0,0,0,20230330,20230514
704,0,0,0,0,0,0,0,20230406,20230512
705,0,0,0,0,0,0,0,20230407,20230514
706,0,0,0,0,0,0,0,20230408,20230514
707,0,0,0,0,0,0,0,20230401,20230820
708,0,0,0,0,0,0,0,20230401,20230430
709,0,0,0,0,0,0,0,20230522,20230621
710,0,0,0,0,0,0,0,20230515,20230622
711,0,0,0,0,0,0,0,20230515,20230622
712,0,0,0,0,0,0,0,20230517,20230622
713,0,0,0,0,0,0,0,20230515,20230613
714,0,0,0,0,0,0,0,20230330,20230512
715,0,0,0,0,0,0,0,20230614,20230621
716,0,0,0,0,0,0,0,20230616,20230616
717,0,0,0,0,0,0,0,20230331,20230513
718,0,0,0,0,0,0,0,20230614,20230818
719,0,0,0,0,0,0,0,20230401,20230820
720,0,0,0,0,0,0,0,20230331,20230616
721,0,0,0,0,0,0,0,20230330,20230405
722,0,0,0,0,0,0,0,20230406,20230622
723,0,0,0,0,0,0,0,20230406,20230622
724,0,0,0,0,0,0,0,20230625,20230702
725,0,0,0,0,0,0,0,20230624,20230820
726,0,0,0,0,0,0,0,20230709,20230819
727,0,0,0,0,0,0,0,20230417,20230612
728,0,0,0,0,0,0,0,20230515,20230621
729,0,0,0,0,0,0,0,20230517,20230622
730,0,0,0,0,0,0,0,20230515,20230613
731,0,0,0,0,0,0,0,20230402,20230514
732,0,0,0,0,0,0,0,20230517,20230622
733,0,0,0,0,0,0,0,20230331,20230512
734,0,0,0,0,0,0,0,20230614,20230621
735,0,0,0,0,0,0,0,20230515,20230622
736,0,0,0,0,0,0,0,20230414,20230511
737,0,0,0,0,0,0,0,20230406,20230512
738,0,0,0,0,0,0,0,20230330,20230511
739,0,0,0,0,0,0,0,20230406,20230512
740,0,0,0,0,0,0,0,20230515,20230622
741,0,0,0,0,0,0,0,20230517,20230609
742,0,0,0,0,0,0,0,20230331,20230819
743,0,0,0,0,0,0,0,20230626,20230818
744,0,0,0,0,0,0,0,20230331,20230511
745,0,0,0,0,0,0,0,20230330,20230512
746,0,0,0,0,0,0,0,20230630,20230630
747,0,0,0,0,0,0,0,20230331,20230622
748,0,0,0,0,0,0,0,20230330,20230621
749,0,0,0,0,0,0,0,20230330,20230414
750,0,0,0,0,0,0,0,20230331,20230622
751,0,0,0,0,0,0,0,20230626,20230629
752,0,0,0,0,0,0,0,20230626,20230818
753,0,0,0,0,0,0,0,20230630,20230803
754,0,0,0,0,0,0,0,20230703,20230803
755,0,0,0,0,0,0,0,20230707,20230818
756,0,0,0,0,0,0,0,20230331,20230613
757,0,0,0,0,0,0,0,20230411,20230621
758,0,0,0,0,0,0,0,20230330,20230622
759,0,0,0,0,0,0,0,20230330,20230622
760,0,0,0,0,0,0,0,20230630,20230818
761,0,0,0,0,0,0,0,20230707,20230818
762,0,0,0,0,0,0,0,20230331,20230622
763,0,0,0,0,0,0,0,20230330,20230622
764,0,0,0,0,0,0,0,20230331,20230622
765,0,0,0,0,0,0,0,20230330,20230621
766,0,0,0,0,0,0,0,20230331,20230616
767,0,0,0,0,0,0,0,20230330,20230616
768,0,0,0,0,0,0,0,20230330,20230622
769,0,0,0,0,0,0,0,20230331,20230621
770,0,0,0,0,0,0,0,20230330,20230616
771,0,0,0,0,0,0,0,20230406,20230616
772,0,0,0,0,0,0,0,20230406,20230512
773,0,0,0,0,0,0,0,20230331,20230622
774,0,0,0,0,0,0,0,20230330,20230622
775,0,0,0,0,0,0,0,20230330,20230622
776,0,0,0,0,0,0,0,20230626,20230804
777,0,0,0,0,0,0,0,20230630,20230818
778,0,0,0,0,0,0,0,20230807,20230817
779,0,0,0,0,0,0,0,20230811,20230818
780,0,0,0,0,0,0,0,20230411,20230621
781,0,0,0,0,0,0,0,20230330,20230622
782,0,0,0,0,0,0,0,20230707,20230817
783,0,0,0,0,0,0,0,20230330,20230622
784,0,0,0,0,0,0,0,20230331,20230621
785,0,0,0,0,0,0,0,20230331,20230621
786,0,0,0,0,0,0,0,20230330,20230622
787,0,0,0,0,0,0,0,20230626,20230817
788,0,0,0,0,0,0,0,20230330,20230622
789,0,0,0,0,0,0,0,20230406,20230613
790,0,0,0,0,0,0,0,20230331,20230621
791,0,0,0,0,0,0,0,20230330,20230622
792,0,0,0,0,0,0,0,20230626,20230803
793,0,0,0,0,0,0,0,20230630,20230818
794,0,0,0,0,0,0,0,20230406,20230512
795,0,0,0,0,0,0,0,20230406,20230622
796,0,0,0,0,0,0,0,20230331,20230622
797,0,0,0,0,0,0,0,20230414,20230616
798,0,0,0,0,0,0,0,20230330,20230622
799,0,0,0,0,0,0,0,20230331,20230622
800,0,0,0,0,0,0,0,20230402,20230617
801,0,0,0,0,0,0,0,20230330,20230622
802,0,0,0,0,0,0,0,20230330,20230622
803,0,0,0,0,0,0,0,20230406,20230621
804,0,0,0,0,0,0,0,20230406,20230616
805,0,0,0,0,0,0,0,20230331,20230622
806,0,0,0,0,0,0,0,20230330,20230621
807,0,0,0,0,0,0,0,20230330,20230622
808,0,0,0,0,0,0,0,20230623,20230819
809,0,0,0,0,0,0,0,20230331,20230622
810,0,0,0,0,0,0,0,20230330,20230613
811,0,0,0,0,0,0,0,20230402,20230618
812,0,0,0,0,0,0,0,20230330,20230622
813,0,0,0,0,0,0,0,20230330,20230622
814,0,0,0,0,0,0,0,20230406,20230613
815,0,0,0,0,0,0,0,20230406,20230622
816,0,0,0,0,0,0,0,20230406,20230621
817,0,0,0,0,0,0,0,20230406,20230622
818,0,0,0,0,0,0,0,20230330,20230621
819,0,0,0,0,0,0,0,20230330,20230622
820,0,0,0,0,0,0,0,20230331,20230616
821,0,0,0,0,0,0,0,20230331,20230622
822,0,0,0,0,0,0,0,20230330,20230621
823,0,0,0,0,0,0,0,20230330,20230621
824,0,0,0,0,0,0,0,20230401,20230819
825,0,0,0,0,0,0,0,20230330,20230613
826,0,0,0,0,0,0,0,20230411,20230413
827,0,0,0,0,0,0,0,20230331,20230414
828,0,0,0,0,0,0,0,20230330,20230621
829,0,0,0,0,0,0,0,20230417,20230613
830,0,0,0,0,0,0,0,20230331,20230622
831,0,0,0,0,0,0,0,20230401,20230617
832,0,0,0,0,0,0,0,20230330,20230511
833,0,0,0,0,0,0,0,20230406,20230512
834,0,0,0,0,0,0,0,20230330,20230621
835,0,0,0,0,0,0,0,20230406,20230622
836,0,0,0,0,0,0,0,20230406,20230616
837,0,0,0,0,0,0,0,20230330,20230622
838,0,0,0,0,0,0,0,20230330,20230622
839,0,0,0,0,0,0,0,20230330,20230622
840,0,0,0,0,0,0,0,20230331,20230609
841,0,0,0,0,0,0,0,20230330,20230622
842,0,0,0,0,0,0,0,20230330,20230622
843,0,0,0,0,0,0,0,20230330,20230622
844,0,0,0,0,0,0,0,20230406,20230622
845,0,0,0,0,0,0,0,20230330,20230616
846,0,0,0,0,0,0,0,20230330,20230621
847,0,0,0,0,0,0,0,20230411,20230621
848,0,0,0,0,0,0,0,20230330,20230622
849,0,0,0,0,0,0,0,20230330,20230622
850,0,0,0,0,0,0,0,20230331,20230622
851,0,0,0,0,0,0,0,20230411,20230622
852,0,0,0,0,0,0,0,20230406,20230512
853,0,0,0,0,0,0,0,20230406,20230622
854,0,0,0,0,0,0,0,20230330,20230622
855,0,0,0,0,0,0,0,20230417,20230511
856,0,0,0,0,0,0,0,20230330,20230622
857,0,0,0,0,0,0,0,20230411,20230414
858,0,0,0,0,0,0,0,20230330,20230622
859,0,0,0,0,0,0,0,20230411,20230621
860,0,0,0,0,0,0,0,20230330,20230622
861,0,0,0,0,0,0,0,20230330,20230609
862,0,0,0,0,0,0,0,20230411,20230609
863,0,0,0,0,0,0,0,20230330,20230622
864,0,0,0,0,0,0,0,20230330,20230405
865,0,0,0,0,0,0,0,20230330,20230404
866,0,0,0,0,0,0,0,20230403,20230405
867,0,0,0,0,0,0,0,20230330,20230820
868,0,0,0,0,0,0,0,20230330,20230817
869,0,0,0,0,0,0,0,20230330,20230514
870,0,0,0,0,0,0,0,20230407,20230617
871,0,0,0,0,0,0,0,20230330,20230623
872,0,0,0,0,0,0,0,20230331,20230616
873,0,0,0,0,0,0,0,20230331,20230623
874,0,0,0,0,0,0,0,20230401,20230623
875,0,0,0,0,0,0,0,20230401,20230518
876,0,0,0,0,0,0,0,20230520,20230618
877,0,0,0,0,0,0,0,20230401,20230623
878,0,0,0,0,0,0,0,20230330,20230411
879,0,0,0,0,0,0,0,20230519,20230614
880,0,0,0,0,0,0,0,20230615,20230622
881,0,0,0,0,0,0,0,20230401,20230623
882,0,0,0,0,0,0,0,20230330,20230623
883,0,0,0,0,0,0,0,20230331,20230616
884,0,0,0,0,0,0,0,20230331,20230517
885,0,0,0,0,0,0,0,20230414,20230616
886,0,0,0,0,0,0,0,20230407,20230622
887,0,0,0,0,0,0,0,20230331,20230623
888,0,0,0,0,0,0,0,20230330,20230623
889,0,0,0,0,0,0,0,20230411,20230622
890,0,0,0,0,0,0,0,20230407,20230617
891,0,0,0,0,0,0,0,20230414,20230616
892,0,0,0,0,0,0,0,20230331,20231208
893,0,0,0,0,0,0,0,20230401,20231209
894,0,0,0,0,0,0,0,20230821,20231208
895,0,0,0,0,0,0,0,20230825,20231208
896,0,0,0,0,0,0,0,20230826,20231209
897,0,0,0,0,0,0,0,20230826,20231209
898,0,0,0,0,0,0,0,20230821,20231209
899,0,0,0,0,0,0,0,20231104,20231104
900,0,0,0,0,0,0,0,20230825,20231209
901,0,0,0,0,0,0,0,20230330,20230622
902,0,0,0,0,0,0,0,20230411,20230622
903,0,0,0,0,0,0,0,20230403,20230622
904,0,0,0,0,0,0,0,20230330,20231209
905,0,0,0,0,0,0,0,20230407,20231104
906,0,0,0,0,0,0,0,20230330,20230605
907,0,0,0,0,0,0,0,20230330,20230402
908,0,0,0,0,0,0,0,20230408,20230618
909,0,0,0,0,0,0,0,20230403,20230621
910,0,0,0,0,0,0,0,20230410,20230618
911,0,0,0,0,0,0,0,20230403,20230609
912,0,0,0,0,0,0,0,20230331,20230609
913,0,0,0,0,0,0,0,20230403,20230618
914,0,0,0,0,0,0,0,20230330,20230618
915,0,0,0,0,0,0,0,20230403,20230622
916,0,0,0,0,0,0,0,20230330,20230401
917,0,0,0,0,0,0,0,20230403,20230622
918,0,0,0,0,0,0,0,20230403,20230614
919,0,0,0,0,0,0,0,20230411,20230621
920,0,0,0,0,0,0,0,20230406,20230622
921,0,0,0,0,0,0,0,20230403,20230621
922,0,0,0,0,0,0,0,20230401,20230430
923,0,0,0,0,0,0,0,20230330,20230618
924,0,0,0,0,0,0,0,20230330,20230430
925,0,0,0,0,0,0,0,20230501,20230622
926,0,0,0,0,0,0,0,20230501,20230618
927,0,0,0,0,0,0,0,20230502,20230622
928,0,0,0,0,0,0,0,20230429,20230622
929,0,0,0,0,0,0,0,20230429,20230618
930,0,0,0,0,0,0,0,20230401,20230621
931,0,0,0,0,0,0,0,20230330,20230618
932,0,0,0,0,0,0,0,20230502,20230613
933,0,0,0,0,0,0,0,20230330,20230428
934,0,0,0,0,0,0,0,20230330,20231208
935,0,0,0,0,0,0,0,20230330,20231208
936,0,0,0,0,0,0,0,20230401,20231209
937,0,0,0,0,0,0,0,20230330,20231208
938,0,0,0,0,0,0,0,20230417,20231208
939,0,0,0,0,0,0,0,20230402,20231203
940,0,0,0,0,0,0,0,20230401,20231209
941,0,0,0,0,0,0,0,20230330,20231208
942,0,0,0,0,0,0,0,20230330,20231209
943,0,0,0,0,0,0,0,20230331,20231209
944,0,0,0,0,0,0,0,20230402,20231203
945,0,0,0,0,0,0,0,20230411,20231103
946,0,0,0,0,0,0,0,20230331,20231208
947,0,0,0,0,0,0,0,20230401,20231209
948,0,0,0,0,0,0,0,20230407,20231104
949,0,0,0,0,0,0,0,20230330,20231209
950,0,0,0,0,0,0,0,20230330,20231209
951,0,0,0,0,0,0,0,20230401,20231209
952,0,0,0,0,0,0,0,20230401,20231209
953,0,0,0,0,0,0,0,20230401,20231209
954,0,0,0,0,0,0,0,20230415,20230820
955,0,0,0,0,0,0,0,20230415,20230820
956,0,0,0,0,0,0,0,20230415,20230819
957,0,0,0,0,0,0,0,20230415,20230819
958,0,0,0,0,0,0,0,20230415,20230819
959,0,0,0,0,0,0,0,20230330,20231209
960,0,0,0,0,0,0,0,20230330,20231208
961,0,0,0,0,0,0,0,20230401,20231209
962,0,0,0,0,0,0,0,20230402,20231203
963,0,0,0,0,0,0,0,20230415,20230820
964,0,0,0,0,0,0,0,20230416,20230820
965,0,0,0,0,0,0,0,20230416,20230820
966,0,0,0,0,0,0,0,20230415,20230820
967,0,0,0,0,0,0,0,20230330,20231208
968,0,0,0,0,0,0,0,20230403,20231204
969,0,0,0,0,0,0,0,20230330,20231207
970,0,0,0,0,0,0,0,20230331,20231208
971,0,0,0,0,0,0,0,20230330,20231209
972,0,0,0,0,0,0,0,20230417,20231208
973,0,0,0,0,0,0,0,20230330,20230414
974,0,0,0,0,0,0,0,20230417,20231208
975,0,0,0,0,0,0,0,20230330,20231208
976,0,0,0,0,0,0,0,20230411,20231103
977,0,0,0,0,0,0,0,20230330,20231208
978,0,0,0,0,0,0,0,20230401,20231209
979,0,0,0,0,0,0,0,20230422,20231209
980,0,0,0,0,0,0,0,20230401,20230416
981,0,0,0,0,0,0,0,20230422,20231209
982,0,0,0,0,0,0,0,20230401,20230415
983,0,0,0,0,0,0,0,20230331,20230414
984,0,0,0,0,0,0,0,20230421,20231208
985,0,0,0,0,0,0,0,20230401,20231209
986,0,0,0,0,0,0,0,20230422,20231029
987,0,0,0,0,0,0,0,20230418,20231208
988,0,0,0,0,0,0,0,20230330,20230406
989,0,0,0,0,0,0,0,20230330,20230621
990,0,0,0,0,0,0,0,20230501,20230606
991,0,0,0,0,0,0,0,20230330,20230621
992,0,0,0,0,0,0,0,20230331,20230622
993,0,0,0,0,0,0,0,20230331,20230617
994,0,0,0,0,0,0,0,20230330,20231207
995,0,0,0,0,0,0,0,20230401,20231209
996,0,0,0,0,0,0,0,20230407,20231203
997,0,0,0,0,0,0,0,20230411,20231027
998,0,0,0,0,0,0,0,20230330,20231208
999,0,0,0,0,0,0,0,20230330,20231209
1000,0,0,0,0,0,0,0,20230415,20231029
1001,0,0,0,0,0,0,0,20230401,20231209
1002,0,0,0,0,0,0,0,20230330,20231208
1003,0,0,0,0,0,0,0,20230411,20231031
1004,0,0,0,0,0,0,0,20230330,20231208
1005,0,0,0,0,0,0,0,20230412,20231103
1006,0,0,0,0,0,0,0,20230404,20231205
1007,0,0,0,0,0,0,0,20230403,20231206
1008,0,0,0,0,0,0,0,20230330,20231207
1009,0,0,0,0,0,0,0,20230402,20231203
1010,0,0,0,0,0,0,0,20230626,20230820
1011,0,0,0,0,0,0,0,20230626,20230820
1012,0,0,0,0,0,0,0,20230630,20230819
1013,0,0,0,0,0,0,0,20230701,20230820
1014,0,0,0,0,0,0,0,20230626,20230820
1015,0,0,0,0,0,0,0,20230626,20230818
1016,0,0,0,0,0,0,0,20230401,20230514
1017,0,0,0,0,0,0,0,20230627,20230818
1018,0,0,0,0,0,0,0,20230626,20231208
1019,0,0,0,0,0,0,0,20230626,20231208
1020,0,0,0,0,0,0,0,20230623,20231209
1021,0,0,0,0,0,0,0,20231030,20231103
1022,0,0,0,0,0,0,0,20230330,20230616
1023,0,0,0,0,0,0,0,20230411,20230622
1024,0,0,0,0,0,0,0,20230411,20230622
1025,0,0,0,0,0,0,0,20230623,20231209
1026,0,0,0,0,0,0,0,20230330,20230616
1027,0,0,0,0,0,0,0,20230414,20230622
1028,0,0,0,0,0,0,0,20230330,20230614
1029,0,0,0,0,0,0,0,20230411,20230618
1030,0,0,0,0,0,0,0,20230411,20230614
1031,0,0,0,0,0,0,0,20230330,20230622
1032,0,0,0,0,0,0,0,20230330,20230622
1033,0,0,0,0,0,0,0,20230403,20230406
1034,0,0,0,0,0,0,0,20230403,20230410
1035,0,0,0,0,0,0,0,20230422,20231209
1036,0,0,0,0,0,0,0,20230330,20230818
1037,0,0,0,0,0,0,0,20230401,20230819
1038,0,0,0,0,0,0,0,20230423,20230423
1039,0,0,0,0,0,0,0,20230330,20230421
1040,0,0,0,0,0,0,0,20230402,20230625
1041,0,0,0,0,0,0,0,20230330,20230614
1042,0,0,0,0,0,0,0,20230401,20230611
1043,0,0,0,0,0,0,0,20230330,20230614
1044,0,0,0,0,0,0,0,20230330,20231229
1045,0,0,0,0,0,0,0,20230330,20230621
1046,0,0,0,0,0,0,0,20230330,20230621
1047,0,0,0,0,0,0,0,20230330,20230405
1048,0,0,0,0,0,0,0,20230403,20230405
1049,0,0,0,0,0,0,0,20230331,20230403
1050,0,0,0,0,0,0,0,20230330,20230405
1051,0,0,0,0,0,0,0,20230412,20230605
1052,0,0,0,0,0,0,0,20230411,20230622
1053,0,0,0,0,0,0,0,20230411,20230622
1054,0,0,0,0,0,0,0,20230515,20230621
1055,0,0,0,0,0,0,0,20230406,20230622
1056,0,0,0,0,0,0,0,20230402,20230405
1057,0,0,0,0,0,0,0,20230406,20230505
1058,0,0,0,0,0,0,0,20230512,20230616
1059,0,0,0,0,0,0,0,20230515,20230622
1060,0,0,0,0,0,0,0,20230525,20230622
1061,0,0,0,0,0,0,0,20230627,20230817
1062,0,0,0,0,0,0,0,20230626,20230818
1063,0,0,0,0,0,0,0,20230626,20230816
1064,0,0,0,0,0,0,0,20230512,20230622
1065,0,0,0,0,0,0,0,20230512,20230622
1066,0,0,0,0,0,0,0,20230411,20230622
1067,0,0,0,0,0,0,0,20230517,20230621
1068,0,0,0,0,0,0,0,20230515,20230619
1069,0,0,0,0,0,0,0,20230417,20230605
1070,0,0,0,0,0,0,0,20230412,20230517
1071,0,0,0,0,0,0,0,20230626,20230817
1072,0,0,0,0,0,0,0,20230627,20230818
1073,0,0,0,0,0,0,0,20230626,20230818
1074,0,0,0,0,0,0,0,20230702,20230820
1075,0,0,0,0,0,0,0,20230411,20230509
1076,0,0,0,0,0,0,0,20230516,20230620
1077,0,0,0,0,0,0,0,20230413,20230622
1078,0,0,0,0,0,0,0,20230525,20230622
1079,0,0,0,0,0,0,0,20230411,20230622
1080,0,0,0,0,0,0,0,20230411,20230622
1081,0,0,0,0,0,0,0,20230407,20230618
1082,0,0,0,0,0,0,0,20230409,20230430
1083,0,0,0,0,0,0,0,20230516,20230622
1084,0,0,0,0,0,0,0,20230410,20230618
1085,0,0,0,0,0,0,0,20230407,20230518
1086,0,0,0,0,0,0,0,20230411,20230621
1087,0,0,0,0,0,0,0,20230406,20230621
1088,0,0,0,0,0,0,0,20230330,20230405
1089,0,0,0,0,0,0,0,20230407,20230604
1090,0,0,0,0,0,0,0,20230410,20230618
1091,0,0,0,0,0,0,0,20230406,20230621
1092,0,0,0,0,0,0,0,20230412,20230621
1093,0,0,0,0,0,0,0,20230401,20230618
1094,0,0,0,0,0,0,0,20230412,20230621
1095,0,0,0,0,0,0,0,20230403,20230621
1096,0,0,0,0,0,0,0,20230402,20230820
1097,0,0,0,0,0,0,0,20230406,20230622
1098,0,0,0,0,0,0,0,20230330,20230405
1099,0,0,0,0,0,0,0,20230331,20230405
1100,0,0,0,0,0,0,0,20230406,20230622
1101,0,0,0,0,0,0,0,20230406,20230622
1102,0,0,0,0,0,0,0,20230407,20230622
1103,0,0,0,0,0,0,0,20230406,20230617
1104,0,0,0,0,0,0,0,20230406,20230617
1105,0,0,0,0,0,0,0,20230403,20230404
1106,0,0,0,0,0,0,0,20230330,20230405
1107,0,0,0,0,0,0,0,20230331,20230405
1108,0,0,0,0,0,0,0,20230515,20230620
1109,0,0,0,0,0,0,0,20230517,20230622
1110,0,0,0,0,0,0,0,20230624,20230813
1111,0,0,0,0,0,0,0,20230330,20230404
1112,0,0,0,0,0,0,0,20230406,20230621
1113,0,0,0,0,0,0,0,20230330,20230622
1114,0,0,0,0,0,0,0,20230411,20230620
1115,0,0,0,0,0,0,0,20230330,20230404
1116,0,0,0,0,0,0,0,20230624,20230625
1117,0,0,0,0,0,0,0,20230411,20230818
1118,0,0,0,0,0,0,0,20230406,20230818
1119,0,0,0,0,0,0,0,20230406,20230818
1120,0,0,0,0,0,0,0,20230406,20230820
1121,0,0,0,0,0,0,0,20230331,20230616
1122,0,0,0,0,0,0,0,20230402,20230818
1123,0,0,0,0,0,0,0,20230330,20230622
1124,0,0,0,0,0,0,0,20230402,20230820
1125,0,0,0,0,0,0,0,20230331,20230621
1126,0,0,0,0,0,0,0,20230407,20230819
1127,0,0,0,0,0,0,0,20230407,20230820
1128,0,0,0,0,0,0,0,20230625,20230625
1129,0,0,0,0,0,0,0,20230407,20230820
1130,0,0,0,0,0,0,0,20230402,20230405
1131,0,0,0,0,0,0,0,20230405,20230621
1132,0,0,0,0,0,0,0,20230406,20230622
